0.000000e+000 2.754000e+003 1.083526e+000
9.090909e-001 2.754000e+003 1.083411e+000
1.818182e+000 2.754000e+003 1.083066e+000
2.727273e+000 2.754000e+003 1.082490e+000
3.636364e+000 2.754000e+003 1.081684e+000
4.545455e+000 2.754000e+003 1.080647e+000
5.454545e+000 2.754000e+003 1.079381e+000
6.363636e+000 2.754000e+003 1.077884e+000
7.272727e+000 2.754000e+003 1.076156e+000
8.181818e+000 2.754000e+003 1.074198e+000
9.090909e+000 2.754000e+003 1.072010e+000
1.000000e+001 2.754000e+003 1.069592e+000
1.090909e+001 2.754000e+003 1.066943e+000
1.181818e+001 2.754000e+003 1.064064e+000
1.272727e+001 2.754000e+003 1.060955e+000
1.363636e+001 2.754000e+003 1.057616e+000
1.454545e+001 2.754000e+003 1.054046e+000
1.545455e+001 2.754000e+003 1.050245e+000
1.636364e+001 2.754000e+003 1.046215e+000
1.727273e+001 2.754000e+003 1.041954e+000
1.818182e+001 2.754000e+003 1.037463e+000
1.909091e+001 2.754000e+003 1.032741e+000
2.000000e+001 2.754000e+003 1.027789e+000
2.090909e+001 2.754000e+003 1.022607e+000
2.181818e+001 2.754000e+003 1.017195e+000
2.272727e+001 2.754000e+003 1.011552e+000
2.363636e+001 2.754000e+003 1.005679e+000
2.454545e+001 2.754000e+003 9.995753e-001
2.545455e+001 2.754000e+003 9.932416e-001
2.636364e+001 2.754000e+003 9.866775e-001
2.727273e+001 2.754000e+003 9.798831e-001
2.818182e+001 2.754000e+003 9.728584e-001
2.909091e+001 2.754000e+003 9.656034e-001
3.000000e+001 2.754000e+003 9.581181e-001
3.090909e+001 2.754000e+003 9.504024e-001
3.181818e+001 2.754000e+003 9.424564e-001
3.272727e+001 2.754000e+003 9.342801e-001
3.363636e+001 2.754000e+003 9.258735e-001
3.454545e+001 2.754000e+003 9.172366e-001
3.545455e+001 2.754000e+003 9.083693e-001
3.636364e+001 2.754000e+003 8.992718e-001
3.727273e+001 2.754000e+003 8.899439e-001
3.818182e+001 2.754000e+003 8.803857e-001
3.909091e+001 2.754000e+003 8.705971e-001
4.000000e+001 2.754000e+003 8.605783e-001
4.090909e+001 2.754000e+003 8.503291e-001
4.181818e+001 2.754000e+003 8.398497e-001
4.272727e+001 2.754000e+003 8.291435e-001
4.363636e+001 2.754000e+003 8.182898e-001
4.454545e+001 2.754000e+003 8.073211e-001
4.545455e+001 2.754000e+003 7.962373e-001
4.636364e+001 2.754000e+003 7.850385e-001
4.727273e+001 2.754000e+003 7.737247e-001
4.818182e+001 2.754000e+003 7.622958e-001
4.909091e+001 2.754000e+003 7.507518e-001
5.000000e+001 2.754000e+003 7.390929e-001
5.090909e+001 2.754000e+003 7.273188e-001
5.181818e+001 2.754000e+003 7.154297e-001
5.272727e+001 2.754000e+003 7.034256e-001
5.363636e+001 2.754000e+003 6.913064e-001
5.454545e+001 2.754000e+003 6.790722e-001
5.545455e+001 2.754000e+003 6.667229e-001
5.636364e+001 2.754000e+003 6.542586e-001
5.727273e+001 2.754000e+003 6.416792e-001
5.818182e+001 2.754000e+003 6.289848e-001
5.909091e+001 2.754000e+003 6.161753e-001
6.000000e+001 2.754000e+003 6.032508e-001
6.090909e+001 2.754000e+003 5.902112e-001
6.181818e+001 2.754000e+003 5.770566e-001
6.272727e+001 2.754000e+003 5.637870e-001
6.363636e+001 2.754000e+003 5.504023e-001
6.454545e+001 2.754000e+003 5.369025e-001
6.545455e+001 2.754000e+003 5.232877e-001
6.636364e+001 2.754000e+003 5.095579e-001
6.727273e+001 2.754000e+003 4.957130e-001
6.818182e+001 2.754000e+003 4.817531e-001
6.909091e+001 2.754000e+003 4.676781e-001
7.000000e+001 2.754000e+003 4.534880e-001
7.090909e+001 2.754000e+003 4.391830e-001
7.181818e+001 2.754000e+003 4.247628e-001
7.272727e+001 2.754000e+003 4.102208e-001
7.363636e+001 2.754000e+003 3.954058e-001
7.454545e+001 2.754000e+003 3.802561e-001
7.545455e+001 2.754000e+003 3.647716e-001
7.636364e+001 2.754000e+003 3.489524e-001
7.727273e+001 2.754000e+003 3.327985e-001
7.818182e+001 2.754000e+003 3.163098e-001
7.909091e+001 2.754000e+003 2.994864e-001
8.000000e+001 2.754000e+003 2.823283e-001
8.090909e+001 2.754000e+003 2.648354e-001
8.181818e+001 2.754000e+003 2.470078e-001
8.272727e+001 2.754000e+003 2.288455e-001
8.363636e+001 2.754000e+003 2.103484e-001
8.454545e+001 2.754000e+003 1.915166e-001
8.545455e+001 2.754000e+003 1.723501e-001
8.636364e+001 2.754000e+003 1.528488e-001
8.727273e+001 2.754000e+003 1.330128e-001
8.818182e+001 2.754000e+003 1.128420e-001
8.909091e+001 2.754000e+003 9.233656e-002
9.000000e+001 2.754000e+003 7.149634e-002
0.000000e+000 3.806000e+003 1.193116e+000
9.090909e-001 3.806000e+003 1.193064e+000
1.818182e+000 3.806000e+003 1.192910e+000
2.727273e+000 3.806000e+003 1.192653e+000
3.636364e+000 3.806000e+003 1.192292e+000
4.545455e+000 3.806000e+003 1.191829e+000
5.454545e+000 3.806000e+003 1.191262e+000
6.363636e+000 3.806000e+003 1.190593e+000
7.272727e+000 3.806000e+003 1.189821e+000
8.181818e+000 3.806000e+003 1.188945e+000
9.090909e+000 3.806000e+003 1.187967e+000
1.000000e+001 3.806000e+003 1.186886e+000
1.090909e+001 3.806000e+003 1.185701e+000
1.181818e+001 3.806000e+003 1.184414e+000
1.272727e+001 3.806000e+003 1.183024e+000
1.363636e+001 3.806000e+003 1.181531e+000
1.454545e+001 3.806000e+003 1.179935e+000
1.545455e+001 3.806000e+003 1.178235e+000
1.636364e+001 3.806000e+003 1.176433e+000
1.727273e+001 3.806000e+003 1.174528e+000
1.818182e+001 3.806000e+003 1.172520e+000
1.909091e+001 3.806000e+003 1.170409e+000
2.000000e+001 3.806000e+003 1.168195e+000
2.090909e+001 3.806000e+003 1.165878e+000
2.181818e+001 3.806000e+003 1.163458e+000
2.272727e+001 3.806000e+003 1.160935e+000
2.363636e+001 3.806000e+003 1.158309e+000
2.454545e+001 3.806000e+003 1.155580e+000
2.545455e+001 3.806000e+003 1.152748e+000
2.636364e+001 3.806000e+003 1.149813e+000
2.727273e+001 3.806000e+003 1.146775e+000
2.818182e+001 3.806000e+003 1.143634e+000
2.909091e+001 3.806000e+003 1.140391e+000
3.000000e+001 3.806000e+003 1.137044e+000
3.090909e+001 3.806000e+003 1.133594e+000
3.181818e+001 3.806000e+003 1.130041e+000
3.272727e+001 3.806000e+003 1.126385e+000
3.363636e+001 3.806000e+003 1.122627e+000
3.454545e+001 3.806000e+003 1.118765e+000
3.545455e+001 3.806000e+003 1.114800e+000
3.636364e+001 3.806000e+003 1.110731e+000
3.727273e+001 3.806000e+003 1.106290e+000
3.818182e+001 3.806000e+003 1.101278e+000
3.909091e+001 3.806000e+003 1.095696e+000
4.000000e+001 3.806000e+003 1.089544e+000
4.090909e+001 3.806000e+003 1.082822e+000
4.181818e+001 3.806000e+003 1.075529e+000
4.272727e+001 3.806000e+003 1.067667e+000
4.363636e+001 3.806000e+003 1.059233e+000
4.454545e+001 3.806000e+003 1.050230e+000
4.545455e+001 3.806000e+003 1.040656e+000
4.636364e+001 3.806000e+003 1.030513e+000
4.727273e+001 3.806000e+003 1.019798e+000
4.818182e+001 3.806000e+003 1.008514e+000
4.909091e+001 3.806000e+003 9.966594e-001
5.000000e+001 3.806000e+003 9.842345e-001
5.090909e+001 3.806000e+003 9.712394e-001
5.181818e+001 3.806000e+003 9.576739e-001
5.272727e+001 3.806000e+003 9.435383e-001
5.363636e+001 3.806000e+003 9.288323e-001
5.454545e+001 3.806000e+003 9.135561e-001
5.545455e+001 3.806000e+003 8.977097e-001
5.636364e+001 3.806000e+003 8.812930e-001
5.727273e+001 3.806000e+003 8.643060e-001
5.818182e+001 3.806000e+003 8.467488e-001
5.909091e+001 3.806000e+003 8.286213e-001
6.000000e+001 3.806000e+003 8.099236e-001
6.090909e+001 3.806000e+003 7.906556e-001
6.181818e+001 3.806000e+003 7.708173e-001
6.272727e+001 3.806000e+003 7.504088e-001
6.363636e+001 3.806000e+003 7.294301e-001
6.454545e+001 3.806000e+003 7.078811e-001
6.545455e+001 3.806000e+003 6.857618e-001
6.636364e+001 3.806000e+003 6.630722e-001
6.727273e+001 3.806000e+003 6.398124e-001
6.818182e+001 3.806000e+003 6.159824e-001
6.909091e+001 3.806000e+003 5.915821e-001
7.000000e+001 3.806000e+003 5.666115e-001
7.090909e+001 3.806000e+003 5.410707e-001
7.181818e+001 3.806000e+003 5.149596e-001
7.272727e+001 3.806000e+003 4.882783e-001
7.363636e+001 3.806000e+003 4.610267e-001
7.454545e+001 3.806000e+003 4.336355e-001
7.545455e+001 3.806000e+003 4.066866e-001
7.636364e+001 3.806000e+003 3.801832e-001
7.727273e+001 3.806000e+003 3.541253e-001
7.818182e+001 3.806000e+003 3.285130e-001
7.909091e+001 3.806000e+003 3.033461e-001
8.000000e+001 3.806000e+003 2.786247e-001
8.090909e+001 3.806000e+003 2.543489e-001
8.181818e+001 3.806000e+003 2.305185e-001
8.272727e+001 3.806000e+003 2.071337e-001
8.363636e+001 3.806000e+003 1.841943e-001
8.454545e+001 3.806000e+003 1.617005e-001
8.545455e+001 3.806000e+003 1.396522e-001
8.636364e+001 3.806000e+003 1.180494e-001
8.727273e+001 3.806000e+003 9.689203e-002
8.818182e+001 3.806000e+003 7.618021e-002
8.909091e+001 3.806000e+003 5.591390e-002
9.000000e+001 3.806000e+003 3.609310e-002
0.000000e+000 5.775000e+003 1.281713e+000
9.090909e-001 5.775000e+003 1.281614e+000
1.818182e+000 5.775000e+003 1.281316e+000
2.727273e+000 5.775000e+003 1.280819e+000
3.636364e+000 5.775000e+003 1.280123e+000
4.545455e+000 5.775000e+003 1.279229e+000
5.454545e+000 5.775000e+003 1.278136e+000
6.363636e+000 5.775000e+003 1.276844e+000
7.272727e+000 5.775000e+003 1.275354e+000
8.181818e+000 5.775000e+003 1.273665e+000
9.090909e+000 5.775000e+003 1.271777e+000
1.000000e+001 5.775000e+003 1.269690e+000
1.090909e+001 5.775000e+003 1.267404e+000
1.181818e+001 5.775000e+003 1.264920e+000
1.272727e+001 5.775000e+003 1.262237e+000
1.363636e+001 5.775000e+003 1.259356e+000
1.454545e+001 5.775000e+003 1.256275e+000
1.545455e+001 5.775000e+003 1.252996e+000
1.636364e+001 5.775000e+003 1.249519e+000
1.727273e+001 5.775000e+003 1.245842e+000
1.818182e+001 5.775000e+003 1.241967e+000
1.909091e+001 5.775000e+003 1.237893e+000
2.000000e+001 5.775000e+003 1.233620e+000
2.090909e+001 5.775000e+003 1.229149e+000
2.181818e+001 5.775000e+003 1.224478e+000
2.272727e+001 5.775000e+003 1.219609e+000
2.363636e+001 5.775000e+003 1.214542e+000
2.454545e+001 5.775000e+003 1.209275e+000
2.545455e+001 5.775000e+003 1.203810e+000
2.636364e+001 5.775000e+003 1.198146e+000
2.727273e+001 5.775000e+003 1.192284e+000
2.818182e+001 5.775000e+003 1.186222e+000
2.909091e+001 5.775000e+003 1.179962e+000
3.000000e+001 5.775000e+003 1.173503e+000
3.090909e+001 5.775000e+003 1.166846e+000
3.181818e+001 5.775000e+003 1.159990e+000
3.272727e+001 5.775000e+003 1.152935e+000
3.363636e+001 5.775000e+003 1.145681e+000
3.454545e+001 5.775000e+003 1.138229e+000
3.545455e+001 5.775000e+003 1.130577e+000
3.636364e+001 5.775000e+003 1.122727e+000
3.727273e+001 5.775000e+003 1.114644e+000
3.818182e+001 5.775000e+003 1.106274e+000
3.909091e+001 5.775000e+003 1.097619e+000
4.000000e+001 5.775000e+003 1.088677e+000
4.090909e+001 5.775000e+003 1.079448e+000
4.181818e+001 5.775000e+003 1.069934e+000
4.272727e+001 5.775000e+003 1.060133e+000
4.363636e+001 5.775000e+003 1.050046e+000
4.454545e+001 5.775000e+003 1.039672e+000
4.545455e+001 5.775000e+003 1.029013e+000
4.636364e+001 5.775000e+003 1.018067e+000
4.727273e+001 5.775000e+003 1.006834e+000
4.818182e+001 5.775000e+003 9.953159e-001
4.909091e+001 5.775000e+003 9.835111e-001
5.000000e+001 5.775000e+003 9.714200e-001
5.090909e+001 5.775000e+003 9.590426e-001
5.181818e+001 5.775000e+003 9.463789e-001
5.272727e+001 5.775000e+003 9.334290e-001
5.363636e+001 5.775000e+003 9.201927e-001
5.454545e+001 5.775000e+003 9.066702e-001
5.545455e+001 5.775000e+003 8.928614e-001
5.636364e+001 5.775000e+003 8.787663e-001
5.727273e+001 5.775000e+003 8.643850e-001
5.818182e+001 5.775000e+003 8.497173e-001
5.909091e+001 5.775000e+003 8.347634e-001
6.000000e+001 5.775000e+003 8.195232e-001
6.090909e+001 5.775000e+003 8.039967e-001
6.181818e+001 5.775000e+003 7.881839e-001
6.272727e+001 5.775000e+003 7.720849e-001
6.363636e+001 5.775000e+003 7.556995e-001
6.454545e+001 5.775000e+003 7.390279e-001
6.545455e+001 5.775000e+003 7.220700e-001
6.636364e+001 5.775000e+003 7.048258e-001
6.727273e+001 5.775000e+003 6.872953e-001
6.818182e+001 5.775000e+003 6.694786e-001
6.909091e+001 5.775000e+003 6.513755e-001
7.000000e+001 5.775000e+003 6.329862e-001
7.090909e+001 5.775000e+003 6.143106e-001
7.181818e+001 5.775000e+003 5.953487e-001
7.272727e+001 5.775000e+003 5.761006e-001
7.363636e+001 5.775000e+003 5.565609e-001
7.454545e+001 5.775000e+003 5.361738e-001
7.545455e+001 5.775000e+003 5.145660e-001
7.636364e+001 5.775000e+003 4.917374e-001
7.727273e+001 5.775000e+003 4.676880e-001
7.818182e+001 5.775000e+003 4.424178e-001
7.909091e+001 5.775000e+003 4.159268e-001
8.000000e+001 5.775000e+003 3.882150e-001
8.090909e+001 5.775000e+003 3.592824e-001
8.181818e+001 5.775000e+003 3.291291e-001
8.272727e+001 5.775000e+003 2.977549e-001
8.363636e+001 5.775000e+003 2.651600e-001
8.454545e+001 5.775000e+003 2.313443e-001
8.545455e+001 5.775000e+003 1.963078e-001
8.636364e+001 5.775000e+003 1.600504e-001
8.727273e+001 5.775000e+003 1.225724e-001
8.818182e+001 5.775000e+003 8.387347e-002
8.909091e+001 5.775000e+003 4.395379e-002
9.000000e+001 5.775000e+003 2.813328e-003
0.000000e+000 7.845000e+003 1.453663e+000
9.090909e-001 7.845000e+003 1.453545e+000
1.818182e+000 7.845000e+003 1.453190e+000
2.727273e+000 7.845000e+003 1.452600e+000
3.636364e+000 7.845000e+003 1.451773e+000
4.545455e+000 7.845000e+003 1.450709e+000
5.454545e+000 7.845000e+003 1.449410e+000
6.363636e+000 7.845000e+003 1.447874e+000
7.272727e+000 7.845000e+003 1.446101e+000
8.181818e+000 7.845000e+003 1.444093e+000
9.090909e+000 7.845000e+003 1.441848e+000
1.000000e+001 7.845000e+003 1.439367e+000
1.090909e+001 7.845000e+003 1.436649e+000
1.181818e+001 7.845000e+003 1.433695e+000
1.272727e+001 7.845000e+003 1.430505e+000
1.363636e+001 7.845000e+003 1.427079e+000
1.454545e+001 7.845000e+003 1.423416e+000
1.545455e+001 7.845000e+003 1.419517e+000
1.636364e+001 7.845000e+003 1.415382e+000
1.727273e+001 7.845000e+003 1.411010e+000
1.818182e+001 7.845000e+003 1.406402e+000
1.909091e+001 7.845000e+003 1.401558e+000
2.000000e+001 7.845000e+003 1.396477e+000
2.090909e+001 7.845000e+003 1.391160e+000
2.181818e+001 7.845000e+003 1.385607e+000
2.272727e+001 7.845000e+003 1.379818e+000
2.363636e+001 7.845000e+003 1.373792e+000
2.454545e+001 7.845000e+003 1.367530e+000
2.545455e+001 7.845000e+003 1.361031e+000
2.636364e+001 7.845000e+003 1.354297e+000
2.727273e+001 7.845000e+003 1.347326e+000
2.818182e+001 7.845000e+003 1.340118e+000
2.909091e+001 7.845000e+003 1.332675e+000
3.000000e+001 7.845000e+003 1.324995e+000
3.090909e+001 7.845000e+003 1.317078e+000
3.181818e+001 7.845000e+003 1.308926e+000
3.272727e+001 7.845000e+003 1.300537e+000
3.363636e+001 7.845000e+003 1.291912e+000
3.454545e+001 7.845000e+003 1.283050e+000
3.545455e+001 7.845000e+003 1.273953e+000
3.636364e+001 7.845000e+003 1.264619e+000
3.727273e+001 7.845000e+003 1.255048e+000
3.818182e+001 7.845000e+003 1.245242e+000
3.909091e+001 7.845000e+003 1.235199e+000
4.000000e+001 7.845000e+003 1.224920e+000
4.090909e+001 7.845000e+003 1.214426e+000
4.181818e+001 7.845000e+003 1.203730e+000
4.272727e+001 7.845000e+003 1.192834e+000
4.363636e+001 7.845000e+003 1.181735e+000
4.454545e+001 7.845000e+003 1.170436e+000
4.545455e+001 7.845000e+003 1.158935e+000
4.636364e+001 7.845000e+003 1.147232e+000
4.727273e+001 7.845000e+003 1.135328e+000
4.818182e+001 7.845000e+003 1.123223e+000
4.909091e+001 7.845000e+003 1.110916e+000
5.000000e+001 7.845000e+003 1.098408e+000
5.090909e+001 7.845000e+003 1.085698e+000
5.181818e+001 7.845000e+003 1.072787e+000
5.272727e+001 7.845000e+003 1.059674e+000
5.363636e+001 7.845000e+003 1.046360e+000
5.454545e+001 7.845000e+003 1.032844e+000
5.545455e+001 7.845000e+003 1.019127e+000
5.636364e+001 7.845000e+003 1.005209e+000
5.727273e+001 7.845000e+003 9.910887e-001
5.818182e+001 7.845000e+003 9.767673e-001
5.909091e+001 7.845000e+003 9.622445e-001
6.000000e+001 7.845000e+003 9.475202e-001
6.090909e+001 7.845000e+003 9.325944e-001
6.181818e+001 7.845000e+003 9.174672e-001
6.272727e+001 7.845000e+003 9.021386e-001
6.363636e+001 7.845000e+003 8.866085e-001
6.454545e+001 7.845000e+003 8.708769e-001
6.545455e+001 7.845000e+003 8.549439e-001
6.636364e+001 7.845000e+003 8.388095e-001
6.727273e+001 7.845000e+003 8.224736e-001
6.818182e+001 7.845000e+003 8.059362e-001
6.909091e+001 7.845000e+003 7.891974e-001
7.000000e+001 7.845000e+003 7.722571e-001
7.090909e+001 7.845000e+003 7.551154e-001
7.181818e+001 7.845000e+003 7.377723e-001
7.272727e+001 7.845000e+003 7.202277e-001
7.363636e+001 7.845000e+003 7.024816e-001
7.454545e+001 7.845000e+003 6.845341e-001
7.545455e+001 7.845000e+003 6.663851e-001
7.636364e+001 7.845000e+003 6.480347e-001
7.727273e+001 7.845000e+003 6.285434e-001
7.818182e+001 7.845000e+003 6.059154e-001
7.909091e+001 7.845000e+003 5.800856e-001
8.000000e+001 7.845000e+003 5.510538e-001
8.090909e+001 7.845000e+003 5.188201e-001
8.181818e+001 7.845000e+003 4.833845e-001
8.272727e+001 7.845000e+003 4.447469e-001
8.363636e+001 7.845000e+003 4.029074e-001
8.454545e+001 7.845000e+003 3.578660e-001
8.545455e+001 7.845000e+003 3.096227e-001
8.636364e+001 7.845000e+003 2.581774e-001
8.727273e+001 7.845000e+003 2.035302e-001
8.818182e+001 7.845000e+003 1.456811e-001
8.909091e+001 7.845000e+003 8.463002e-002
9.000000e+001 7.845000e+003 2.037705e-002
0.000000e+000 9.956000e+003 1.463037e+000
9.090909e-001 9.956000e+003 1.462932e+000
1.818182e+000 9.956000e+003 1.462618e+000
2.727273e+000 9.956000e+003 1.462095e+000
3.636364e+000 9.956000e+003 1.461362e+000
4.545455e+000 9.956000e+003 1.460419e+000
5.454545e+000 9.956000e+003 1.459268e+000
6.363636e+000 9.956000e+003 1.457907e+000
7.272727e+000 9.956000e+003 1.456336e+000
8.181818e+000 9.956000e+003 1.454557e+000
9.090909e+000 9.956000e+003 1.452567e+000
1.000000e+001 9.956000e+003 1.450369e+000
1.090909e+001 9.956000e+003 1.447961e+000
1.181818e+001 9.956000e+003 1.445343e+000
1.272727e+001 9.956000e+003 1.442517e+000
1.363636e+001 9.956000e+003 1.439481e+000
1.454545e+001 9.956000e+003 1.436235e+000
1.545455e+001 9.956000e+003 1.432780e+000
1.636364e+001 9.956000e+003 1.429116e+000
1.727273e+001 9.956000e+003 1.425242e+000
1.818182e+001 9.956000e+003 1.421159e+000
1.909091e+001 9.956000e+003 1.416867e+000
2.000000e+001 9.956000e+003 1.412365e+000
2.090909e+001 9.956000e+003 1.407654e+000
2.181818e+001 9.956000e+003 1.402733e+000
2.272727e+001 9.956000e+003 1.397603e+000
2.363636e+001 9.956000e+003 1.392264e+000
2.454545e+001 9.956000e+003 1.386715e+000
2.545455e+001 9.956000e+003 1.380957e+000
2.636364e+001 9.956000e+003 1.374989e+000
2.727273e+001 9.956000e+003 1.368812e+000
2.818182e+001 9.956000e+003 1.362426e+000
2.909091e+001 9.956000e+003 1.355830e+000
3.000000e+001 9.956000e+003 1.349025e+000
3.090909e+001 9.956000e+003 1.342010e+000
3.181818e+001 9.956000e+003 1.334787e+000
3.272727e+001 9.956000e+003 1.327353e+000
3.363636e+001 9.956000e+003 1.319711e+000
3.454545e+001 9.956000e+003 1.311859e+000
3.545455e+001 9.956000e+003 1.303797e+000
3.636364e+001 9.956000e+003 1.295526e+000
3.727273e+001 9.956000e+003 1.287062e+000
3.818182e+001 9.956000e+003 1.278423e+000
3.909091e+001 9.956000e+003 1.269607e+000
4.000000e+001 9.956000e+003 1.260616e+000
4.090909e+001 9.956000e+003 1.251449e+000
4.181818e+001 9.956000e+003 1.242106e+000
4.272727e+001 9.956000e+003 1.232588e+000
4.363636e+001 9.956000e+003 1.222893e+000
4.454545e+001 9.956000e+003 1.213023e+000
4.545455e+001 9.956000e+003 1.202977e+000
4.636364e+001 9.956000e+003 1.192756e+000
4.727273e+001 9.956000e+003 1.182358e+000
4.818182e+001 9.956000e+003 1.171785e+000
4.909091e+001 9.956000e+003 1.161037e+000
5.000000e+001 9.956000e+003 1.150112e+000
5.090909e+001 9.956000e+003 1.139012e+000
5.181818e+001 9.956000e+003 1.127735e+000
5.272727e+001 9.956000e+003 1.116283e+000
5.363636e+001 9.956000e+003 1.104656e+000
5.454545e+001 9.956000e+003 1.092852e+000
5.545455e+001 9.956000e+003 1.080873e+000
5.636364e+001 9.956000e+003 1.068718e+000
5.727273e+001 9.956000e+003 1.056387e+000
5.818182e+001 9.956000e+003 1.043881e+000
5.909091e+001 9.956000e+003 1.031199e+000
6.000000e+001 9.956000e+003 1.018341e+000
6.090909e+001 9.956000e+003 1.005307e+000
6.181818e+001 9.956000e+003 9.920974e-001
6.272727e+001 9.956000e+003 9.787121e-001
6.363636e+001 9.956000e+003 9.651511e-001
6.454545e+001 9.956000e+003 9.514142e-001
6.545455e+001 9.956000e+003 9.375017e-001
6.636364e+001 9.956000e+003 9.234133e-001
6.727273e+001 9.956000e+003 9.091492e-001
6.818182e+001 9.956000e+003 8.947093e-001
6.909091e+001 9.956000e+003 8.800937e-001
7.000000e+001 9.956000e+003 8.653023e-001
7.090909e+001 9.956000e+003 8.503352e-001
7.181818e+001 9.956000e+003 8.351922e-001
7.272727e+001 9.956000e+003 8.198736e-001
7.363636e+001 9.956000e+003 8.043787e-001
7.454545e+001 9.956000e+003 7.871657e-001
7.545455e+001 9.956000e+003 7.667878e-001
7.636364e+001 9.956000e+003 7.432451e-001
7.727273e+001 9.956000e+003 7.165375e-001
7.818182e+001 9.956000e+003 6.866652e-001
7.909091e+001 9.956000e+003 6.536280e-001
8.000000e+001 9.956000e+003 6.174259e-001
8.090909e+001 9.956000e+003 5.780591e-001
8.181818e+001 9.956000e+003 5.355274e-001
8.272727e+001 9.956000e+003 4.898309e-001
8.363636e+001 9.956000e+003 4.409695e-001
8.454545e+001 9.956000e+003 3.889434e-001
8.545455e+001 9.956000e+003 3.337524e-001
8.636364e+001 9.956000e+003 2.753966e-001
8.727273e+001 9.956000e+003 2.138759e-001
8.818182e+001 9.956000e+003 1.491904e-001
8.909091e+001 9.956000e+003 8.134012e-002
9.000000e+001 9.956000e+003 1.032498e-002
0.000000e+000 1.437000e+004 1.634689e+000
9.090909e-001 1.437000e+004 1.634620e+000
1.818182e+000 1.437000e+004 1.634413e+000
2.727273e+000 1.437000e+004 1.634068e+000
3.636364e+000 1.437000e+004 1.633584e+000
4.545455e+000 1.437000e+004 1.632963e+000
5.454545e+000 1.437000e+004 1.632204e+000
6.363636e+000 1.437000e+004 1.631307e+000
7.272727e+000 1.437000e+004 1.630271e+000
8.181818e+000 1.437000e+004 1.629098e+000
9.090909e+000 1.437000e+004 1.627787e+000
1.000000e+001 1.437000e+004 1.626337e+000
1.090909e+001 1.437000e+004 1.624750e+000
1.181818e+001 1.437000e+004 1.623024e+000
1.272727e+001 1.437000e+004 1.621161e+000
1.363636e+001 1.437000e+004 1.619159e+000
1.454545e+001 1.437000e+004 1.617020e+000
1.545455e+001 1.437000e+004 1.614742e+000
1.636364e+001 1.437000e+004 1.612326e+000
1.727273e+001 1.437000e+004 1.609772e+000
1.818182e+001 1.437000e+004 1.607081e+000
1.909091e+001 1.437000e+004 1.604251e+000
2.000000e+001 1.437000e+004 1.601283e+000
2.090909e+001 1.437000e+004 1.598177e+000
2.181818e+001 1.437000e+004 1.594933e+000
2.272727e+001 1.437000e+004 1.591551e+000
2.363636e+001 1.437000e+004 1.588031e+000
2.454545e+001 1.437000e+004 1.584373e+000
2.545455e+001 1.437000e+004 1.580577e+000
2.636364e+001 1.437000e+004 1.576643e+000
2.727273e+001 1.437000e+004 1.572570e+000
2.818182e+001 1.437000e+004 1.568360e+000
2.909091e+001 1.437000e+004 1.564012e+000
3.000000e+001 1.437000e+004 1.559526e+000
3.090909e+001 1.437000e+004 1.554901e+000
3.181818e+001 1.437000e+004 1.550139e+000
3.272727e+001 1.437000e+004 1.545238e+000
3.363636e+001 1.437000e+004 1.540200e+000
3.454545e+001 1.437000e+004 1.534884e+000
3.545455e+001 1.437000e+004 1.529057e+000
3.636364e+001 1.437000e+004 1.522715e+000
3.727273e+001 1.437000e+004 1.515860e+000
3.818182e+001 1.437000e+004 1.508490e+000
3.909091e+001 1.437000e+004 1.500606e+000
4.000000e+001 1.437000e+004 1.492208e+000
4.090909e+001 1.437000e+004 1.483296e+000
4.181818e+001 1.437000e+004 1.473870e+000
4.272727e+001 1.437000e+004 1.463929e+000
4.363636e+001 1.437000e+004 1.453474e+000
4.454545e+001 1.437000e+004 1.442505e+000
4.545455e+001 1.437000e+004 1.431021e+000
4.636364e+001 1.437000e+004 1.419024e+000
4.727273e+001 1.437000e+004 1.406512e+000
4.818182e+001 1.437000e+004 1.393486e+000
4.909091e+001 1.437000e+004 1.379945e+000
5.000000e+001 1.437000e+004 1.365891e+000
5.090909e+001 1.437000e+004 1.351322e+000
5.181818e+001 1.437000e+004 1.336239e+000
5.272727e+001 1.437000e+004 1.320642e+000
5.363636e+001 1.437000e+004 1.304530e+000
5.454545e+001 1.437000e+004 1.287905e+000
5.545455e+001 1.437000e+004 1.270765e+000
5.636364e+001 1.437000e+004 1.253111e+000
5.727273e+001 1.437000e+004 1.234942e+000
5.818182e+001 1.437000e+004 1.216260e+000
5.909091e+001 1.437000e+004 1.197063e+000
6.000000e+001 1.437000e+004 1.177352e+000
6.090909e+001 1.437000e+004 1.157127e+000
6.181818e+001 1.437000e+004 1.136388e+000
6.272727e+001 1.437000e+004 1.115134e+000
6.363636e+001 1.437000e+004 1.093366e+000
6.454545e+001 1.437000e+004 1.071084e+000
6.545455e+001 1.437000e+004 1.048288e+000
6.636364e+001 1.437000e+004 1.024977e+000
6.727273e+001 1.437000e+004 1.001152e+000
6.818182e+001 1.437000e+004 9.768133e-001
6.909091e+001 1.437000e+004 9.519601e-001
7.000000e+001 1.437000e+004 9.265927e-001
7.090909e+001 1.437000e+004 9.007111e-001
7.181818e+001 1.437000e+004 8.743152e-001
7.272727e+001 1.437000e+004 8.474051e-001
7.363636e+001 1.437000e+004 8.199808e-001
7.454545e+001 1.437000e+004 7.920423e-001
7.545455e+001 1.437000e+004 7.635895e-001
7.636364e+001 1.437000e+004 7.346090e-001
7.727273e+001 1.437000e+004 7.042146e-001
7.818182e+001 1.437000e+004 6.718742e-001
7.909091e+001 1.437000e+004 6.375880e-001
8.000000e+001 1.437000e+004 6.013558e-001
8.090909e+001 1.437000e+004 5.631777e-001
8.181818e+001 1.437000e+004 5.230537e-001
8.272727e+001 1.437000e+004 4.809837e-001
8.363636e+001 1.437000e+004 4.369678e-001
8.454545e+001 1.437000e+004 3.910060e-001
8.545455e+001 1.437000e+004 3.430982e-001
8.636364e+001 1.437000e+004 2.932446e-001
8.727273e+001 1.437000e+004 2.414450e-001
8.818182e+001 1.437000e+004 1.876994e-001
8.909091e+001 1.437000e+004 1.320079e-001
9.000000e+001 1.437000e+004 7.437054e-002
0.000000e+000 2.098800e+004 1.564457e+000
9.090909e-001 2.098800e+004 1.564387e+000
1.818182e+000 2.098800e+004 1.564177e+000
2.727273e+000 2.098800e+004 1.563828e+000
3.636364e+000 2.098800e+004 1.563338e+000
4.545455e+000 2.098800e+004 1.562709e+000
5.454545e+000 2.098800e+004 1.561940e+000
6.363636e+000 2.098800e+004 1.561031e+000
7.272727e+000 2.098800e+004 1.559982e+000
8.181818e+000 2.098800e+004 1.558793e+000
9.090909e+000 2.098800e+004 1.557464e+000
1.000000e+001 2.098800e+004 1.555996e+000
1.090909e+001 2.098800e+004 1.554387e+000
1.181818e+001 2.098800e+004 1.552639e+000
1.272727e+001 2.098800e+004 1.550751e+000
1.363636e+001 2.098800e+004 1.548723e+000
1.454545e+001 2.098800e+004 1.546556e+000
1.545455e+001 2.098800e+004 1.544248e+000
1.636364e+001 2.098800e+004 1.541801e+000
1.727273e+001 2.098800e+004 1.539213e+000
1.818182e+001 2.098800e+004 1.536486e+000
1.909091e+001 2.098800e+004 1.533619e+000
2.000000e+001 2.098800e+004 1.530612e+000
2.090909e+001 2.098800e+004 1.527466e+000
2.181818e+001 2.098800e+004 1.524179e+000
2.272727e+001 2.098800e+004 1.520753e+000
2.363636e+001 2.098800e+004 1.517186e+000
2.454545e+001 2.098800e+004 1.513480e+000
2.545455e+001 2.098800e+004 1.509634e+000
2.636364e+001 2.098800e+004 1.505648e+000
2.727273e+001 2.098800e+004 1.501523e+000
2.818182e+001 2.098800e+004 1.497257e+000
2.909091e+001 2.098800e+004 1.492852e+000
3.000000e+001 2.098800e+004 1.488307e+000
3.090909e+001 2.098800e+004 1.483621e+000
3.181818e+001 2.098800e+004 1.478796e+000
3.272727e+001 2.098800e+004 1.473832e+000
3.363636e+001 2.098800e+004 1.468727e+000
3.454545e+001 2.098800e+004 1.463483e+000
3.545455e+001 2.098800e+004 1.458098e+000
3.636364e+001 2.098800e+004 1.452574e+000
3.727273e+001 2.098800e+004 1.446910e+000
3.818182e+001 2.098800e+004 1.441106e+000
3.909091e+001 2.098800e+004 1.435154e+000
4.000000e+001 2.098800e+004 1.428647e+000
4.090909e+001 2.098800e+004 1.421362e+000
4.181818e+001 2.098800e+004 1.413298e+000
4.272727e+001 2.098800e+004 1.404456e+000
4.363636e+001 2.098800e+004 1.394835e+000
4.454545e+001 2.098800e+004 1.384436e+000
4.545455e+001 2.098800e+004 1.373258e+000
4.636364e+001 2.098800e+004 1.361302e+000
4.727273e+001 2.098800e+004 1.348567e+000
4.818182e+001 2.098800e+004 1.335053e+000
4.909091e+001 2.098800e+004 1.320761e+000
5.000000e+001 2.098800e+004 1.305691e+000
5.090909e+001 2.098800e+004 1.289842e+000
5.181818e+001 2.098800e+004 1.273214e+000
5.272727e+001 2.098800e+004 1.255808e+000
5.363636e+001 2.098800e+004 1.237623e+000
5.454545e+001 2.098800e+004 1.218660e+000
5.545455e+001 2.098800e+004 1.198919e+000
5.636364e+001 2.098800e+004 1.178398e+000
5.727273e+001 2.098800e+004 1.157100e+000
5.818182e+001 2.098800e+004 1.135022e+000
5.909091e+001 2.098800e+004 1.112167e+000
6.000000e+001 2.098800e+004 1.088532e+000
6.090909e+001 2.098800e+004 1.064119e+000
6.181818e+001 2.098800e+004 1.038928e+000
6.272727e+001 2.098800e+004 1.012958e+000
6.363636e+001 2.098800e+004 9.862095e-001
6.454545e+001 2.098800e+004 9.586824e-001
6.545455e+001 2.098800e+004 9.303769e-001
6.636364e+001 2.098800e+004 9.012928e-001
6.727273e+001 2.098800e+004 8.714302e-001
6.818182e+001 2.098800e+004 8.407891e-001
6.909091e+001 2.098800e+004 8.093695e-001
7.000000e+001 2.098800e+004 7.771713e-001
7.090909e+001 2.098800e+004 7.441945e-001
7.181818e+001 2.098800e+004 7.104393e-001
7.272727e+001 2.098800e+004 6.759055e-001
7.363636e+001 2.098800e+004 6.405932e-001
7.454545e+001 2.098800e+004 6.045023e-001
7.545455e+001 2.098800e+004 5.676329e-001
7.636364e+001 2.098800e+004 5.302820e-001
7.727273e+001 2.098800e+004 4.930039e-001
7.818182e+001 2.098800e+004 4.558115e-001
7.909091e+001 2.098800e+004 4.187046e-001
8.000000e+001 2.098800e+004 3.816834e-001
8.090909e+001 2.098800e+004 3.447477e-001
8.181818e+001 2.098800e+004 3.078977e-001
8.272727e+001 2.098800e+004 2.711332e-001
8.363636e+001 2.098800e+004 2.344543e-001
8.454545e+001 2.098800e+004 1.978610e-001
8.545455e+001 2.098800e+004 1.613533e-001
8.636364e+001 2.098800e+004 1.249312e-001
8.727273e+001 2.098800e+004 8.859464e-002
8.818182e+001 2.098800e+004 5.234371e-002
8.909091e+001 2.098800e+004 1.617836e-002
9.000000e+001 2.098800e+004 -1.990139e-002
0.000000e+000 2.822800e+004 1.530006e+000
9.090909e-001 2.822800e+004 1.529986e+000
1.818182e+000 2.822800e+004 1.529927e+000
2.727273e+000 2.822800e+004 1.529829e+000
3.636364e+000 2.822800e+004 1.529691e+000
4.545455e+000 2.822800e+004 1.529515e+000
5.454545e+000 2.822800e+004 1.529299e+000
6.363636e+000 2.822800e+004 1.529043e+000
7.272727e+000 2.822800e+004 1.528749e+000
8.181818e+000 2.822800e+004 1.528415e+000
9.090909e+000 2.822800e+004 1.528042e+000
1.000000e+001 2.822800e+004 1.527629e+000
1.090909e+001 2.822800e+004 1.527177e+000
1.181818e+001 2.822800e+004 1.526686e+000
1.272727e+001 2.822800e+004 1.526156e+000
1.363636e+001 2.822800e+004 1.525587e+000
1.454545e+001 2.822800e+004 1.524978e+000
1.545455e+001 2.822800e+004 1.524330e+000
1.636364e+001 2.822800e+004 1.523642e+000
1.727273e+001 2.822800e+004 1.522915e+000
1.818182e+001 2.822800e+004 1.522150e+000
1.909091e+001 2.822800e+004 1.521344e+000
2.000000e+001 2.822800e+004 1.520500e+000
2.090909e+001 2.822800e+004 1.519616e+000
2.181818e+001 2.822800e+004 1.518693e+000
2.272727e+001 2.822800e+004 1.517730e+000
2.363636e+001 2.822800e+004 1.516729e+000
2.454545e+001 2.822800e+004 1.515688e+000
2.545455e+001 2.822800e+004 1.514608e+000
2.636364e+001 2.822800e+004 1.513488e+000
2.727273e+001 2.822800e+004 1.512329e+000
2.818182e+001 2.822800e+004 1.511131e+000
2.909091e+001 2.822800e+004 1.509894e+000
3.000000e+001 2.822800e+004 1.508617e+000
3.090909e+001 2.822800e+004 1.507302e+000
3.181818e+001 2.822800e+004 1.505946e+000
3.272727e+001 2.822800e+004 1.504552e+000
3.363636e+001 2.822800e+004 1.503118e+000
3.454545e+001 2.822800e+004 1.501449e+000
3.545455e+001 2.822800e+004 1.498873e+000
3.636364e+001 2.822800e+004 1.495337e+000
3.727273e+001 2.822800e+004 1.490839e+000
3.818182e+001 2.822800e+004 1.485381e+000
3.909091e+001 2.822800e+004 1.478961e+000
4.000000e+001 2.822800e+004 1.471581e+000
4.090909e+001 2.822800e+004 1.463239e+000
4.181818e+001 2.822800e+004 1.453936e+000
4.272727e+001 2.822800e+004 1.443672e+000
4.363636e+001 2.822800e+004 1.432447e+000
4.454545e+001 2.822800e+004 1.420261e+000
4.545455e+001 2.822800e+004 1.407114e+000
4.636364e+001 2.822800e+004 1.393006e+000
4.727273e+001 2.822800e+004 1.377936e+000
4.818182e+001 2.822800e+004 1.361906e+000
4.909091e+001 2.822800e+004 1.344915e+000
5.000000e+001 2.822800e+004 1.326962e+000
5.090909e+001 2.822800e+004 1.308048e+000
5.181818e+001 2.822800e+004 1.288174e+000
5.272727e+001 2.822800e+004 1.267338e+000
5.363636e+001 2.822800e+004 1.245541e+000
5.454545e+001 2.822800e+004 1.222783e+000
5.545455e+001 2.822800e+004 1.199064e+000
5.636364e+001 2.822800e+004 1.174384e+000
5.727273e+001 2.822800e+004 1.148743e+000
5.818182e+001 2.822800e+004 1.122141e+000
5.909091e+001 2.822800e+004 1.094577e+000
6.000000e+001 2.822800e+004 1.066053e+000
6.090909e+001 2.822800e+004 1.036567e+000
6.181818e+001 2.822800e+004 1.006121e+000
6.272727e+001 2.822800e+004 9.747131e-001
6.363636e+001 2.822800e+004 9.423444e-001
6.454545e+001 2.822800e+004 9.090146e-001
6.545455e+001 2.822800e+004 8.747237e-001
6.636364e+001 2.822800e+004 8.394717e-001
6.727273e+001 2.822800e+004 8.032587e-001
6.818182e+001 2.822800e+004 7.660846e-001
6.909091e+001 2.822800e+004 7.279494e-001
7.000000e+001 2.822800e+004 6.888531e-001
7.090909e+001 2.822800e+004 6.488864e-001
7.181818e+001 2.822800e+004 6.093218e-001
7.272727e+001 2.822800e+004 5.705695e-001
7.363636e+001 2.822800e+004 5.326294e-001
7.454545e+001 2.822800e+004 4.955016e-001
7.545455e+001 2.822800e+004 4.591861e-001
7.636364e+001 2.822800e+004 4.236828e-001
7.727273e+001 2.822800e+004 3.889917e-001
7.818182e+001 2.822800e+004 3.551130e-001
7.909091e+001 2.822800e+004 3.220465e-001
8.000000e+001 2.822800e+004 2.897923e-001
8.090909e+001 2.822800e+004 2.583503e-001
8.181818e+001 2.822800e+004 2.277206e-001
8.272727e+001 2.822800e+004 1.979031e-001
8.363636e+001 2.822800e+004 1.688980e-001
8.454545e+001 2.822800e+004 1.407050e-001
8.545455e+001 2.822800e+004 1.133244e-001
8.636364e+001 2.822800e+004 8.675598e-002
8.727273e+001 2.822800e+004 6.099985e-002
8.818182e+001 2.822800e+004 3.605598e-002
8.909091e+001 2.822800e+004 1.192437e-002
9.000000e+001 2.822800e+004 -1.139497e-002
0.000000e+000 3.566800e+004 1.550309e+000
9.090909e-001 3.566800e+004 1.550294e+000
1.818182e+000 3.566800e+004 1.550247e+000
2.727273e+000 3.566800e+004 1.550170e+000
3.636364e+000 3.566800e+004 1.550061e+000
4.545455e+000 3.566800e+004 1.549921e+000
5.454545e+000 3.566800e+004 1.549750e+000
6.363636e+000 3.566800e+004 1.549548e+000
7.272727e+000 3.566800e+004 1.549315e+000
8.181818e+000 3.566800e+004 1.549051e+000
9.090909e+000 3.566800e+004 1.548756e+000
1.000000e+001 3.566800e+004 1.548430e+000
1.090909e+001 3.566800e+004 1.548073e+000
1.181818e+001 3.566800e+004 1.547685e+000
1.272727e+001 3.566800e+004 1.547265e+000
1.363636e+001 3.566800e+004 1.546815e+000
1.454545e+001 3.566800e+004 1.546333e+000
1.545455e+001 3.566800e+004 1.545821e+000
1.636364e+001 3.566800e+004 1.545277e+000
1.727273e+001 3.566800e+004 1.544702e+000
1.818182e+001 3.566800e+004 1.544097e+000
1.909091e+001 3.566800e+004 1.543460e+000
2.000000e+001 3.566800e+004 1.542792e+000
2.090909e+001 3.566800e+004 1.542093e+000
2.181818e+001 3.566800e+004 1.541363e+000
2.272727e+001 3.566800e+004 1.540602e+000
2.363636e+001 3.566800e+004 1.539810e+000
2.454545e+001 3.566800e+004 1.538987e+000
2.545455e+001 3.566800e+004 1.538132e+000
2.636364e+001 3.566800e+004 1.537247e+000
2.727273e+001 3.566800e+004 1.536331e+000
2.818182e+001 3.566800e+004 1.535383e+000
2.909091e+001 3.566800e+004 1.534405e+000
3.000000e+001 3.566800e+004 1.533395e+000
3.090909e+001 3.566800e+004 1.532355e+000
3.181818e+001 3.566800e+004 1.531283e+000
3.272727e+001 3.566800e+004 1.530180e+000
3.363636e+001 3.566800e+004 1.529046e+000
3.454545e+001 3.566800e+004 1.527795e+000
3.545455e+001 3.566800e+004 1.525608e+000
3.636364e+001 3.566800e+004 1.522287e+000
3.727273e+001 3.566800e+004 1.517829e+000
3.818182e+001 3.566800e+004 1.512236e+000
3.909091e+001 3.566800e+004 1.505507e+000
4.000000e+001 3.566800e+004 1.497643e+000
4.090909e+001 3.566800e+004 1.488643e+000
4.181818e+001 3.566800e+004 1.478507e+000
4.272727e+001 3.566800e+004 1.467236e+000
4.363636e+001 3.566800e+004 1.454829e+000
4.454545e+001 3.566800e+004 1.441287e+000
4.545455e+001 3.566800e+004 1.426609e+000
4.636364e+001 3.566800e+004 1.410795e+000
4.727273e+001 3.566800e+004 1.393846e+000
4.818182e+001 3.566800e+004 1.375761e+000
4.909091e+001 3.566800e+004 1.356540e+000
5.000000e+001 3.566800e+004 1.336184e+000
5.090909e+001 3.566800e+004 1.314692e+000
5.181818e+001 3.566800e+004 1.292064e+000
5.272727e+001 3.566800e+004 1.268301e+000
5.363636e+001 3.566800e+004 1.243402e+000
5.454545e+001 3.566800e+004 1.217368e+000
5.545455e+001 3.566800e+004 1.190198e+000
5.636364e+001 3.566800e+004 1.161892e+000
5.727273e+001 3.566800e+004 1.132451e+000
5.818182e+001 3.566800e+004 1.101874e+000
5.909091e+001 3.566800e+004 1.070161e+000
6.000000e+001 3.566800e+004 1.037313e+000
6.090909e+001 3.566800e+004 1.003329e+000
6.181818e+001 3.566800e+004 9.682099e-001
6.272727e+001 3.566800e+004 9.319549e-001
6.363636e+001 3.566800e+004 8.945641e-001
6.454545e+001 3.566800e+004 8.560378e-001
6.545455e+001 3.566800e+004 8.163758e-001
6.636364e+001 3.566800e+004 7.755782e-001
6.727273e+001 3.566800e+004 7.336450e-001
6.818182e+001 3.566800e+004 6.905761e-001
6.909091e+001 3.566800e+004 6.463716e-001
7.000000e+001 3.566800e+004 6.010315e-001
7.090909e+001 3.566800e+004 5.545619e-001
7.181818e+001 3.566800e+004 5.086885e-001
7.272727e+001 3.566800e+004 4.647655e-001
7.363636e+001 3.566800e+004 4.227930e-001
7.454545e+001 3.566800e+004 3.827709e-001
7.545455e+001 3.566800e+004 3.446992e-001
7.636364e+001 3.566800e+004 3.085780e-001
7.727273e+001 3.566800e+004 2.744072e-001
7.818182e+001 3.566800e+004 2.421869e-001
7.909091e+001 3.566800e+004 2.119170e-001
8.000000e+001 3.566800e+004 1.835975e-001
8.090909e+001 3.566800e+004 1.572285e-001
8.181818e+001 3.566800e+004 1.328099e-001
8.272727e+001 3.566800e+004 1.103417e-001
8.363636e+001 3.566800e+004 8.982404e-002
8.454545e+001 3.566800e+004 7.125676e-002
8.545455e+001 3.566800e+004 5.463993e-002
8.636364e+001 3.566800e+004 3.997353e-002
8.727273e+001 3.566800e+004 2.725757e-002
8.818182e+001 3.566800e+004 1.649205e-002
8.909091e+001 3.566800e+004 7.676971e-003
9.000000e+001 3.566800e+004 8.123274e-004
0.000000e+000 4.340300e+004 1.510030e+000
9.090909e-001 4.340300e+004 1.510027e+000
1.818182e+000 4.340300e+004 1.510017e+000
2.727273e+000 4.340300e+004 1.510001e+000
3.636364e+000 4.340300e+004 1.509979e+000
4.545455e+000 4.340300e+004 1.509950e+000
5.454545e+000 4.340300e+004 1.509915e+000
6.363636e+000 4.340300e+004 1.509873e+000
7.272727e+000 4.340300e+004 1.509825e+000
8.181818e+000 4.340300e+004 1.509771e+000
9.090909e+000 4.340300e+004 1.509710e+000
1.000000e+001 4.340300e+004 1.509643e+000
1.090909e+001 4.340300e+004 1.509569e+000
1.181818e+001 4.340300e+004 1.509489e+000
1.272727e+001 4.340300e+004 1.509402e+000
1.363636e+001 4.340300e+004 1.509309e+000
1.454545e+001 4.340300e+004 1.509210e+000
1.545455e+001 4.340300e+004 1.509104e+000
1.636364e+001 4.340300e+004 1.508980e+000
1.727273e+001 4.340300e+004 1.508769e+000
1.818182e+001 4.340300e+004 1.508460e+000
1.909091e+001 4.340300e+004 1.508053e+000
2.000000e+001 4.340300e+004 1.507548e+000
2.090909e+001 4.340300e+004 1.506945e+000
2.181818e+001 4.340300e+004 1.506244e+000
2.272727e+001 4.340300e+004 1.505445e+000
2.363636e+001 4.340300e+004 1.504549e+000
2.454545e+001 4.340300e+004 1.503554e+000
2.545455e+001 4.340300e+004 1.502462e+000
2.636364e+001 4.340300e+004 1.501271e+000
2.727273e+001 4.340300e+004 1.499983e+000
2.818182e+001 4.340300e+004 1.498597e+000
2.909091e+001 4.340300e+004 1.497113e+000
3.000000e+001 4.340300e+004 1.495531e+000
3.090909e+001 4.340300e+004 1.493851e+000
3.181818e+001 4.340300e+004 1.492073e+000
3.272727e+001 4.340300e+004 1.490197e+000
3.363636e+001 4.340300e+004 1.488224e+000
3.454545e+001 4.340300e+004 1.486083e+000
3.545455e+001 4.340300e+004 1.483337e+000
3.636364e+001 4.340300e+004 1.479908e+000
3.727273e+001 4.340300e+004 1.475797e+000
3.818182e+001 4.340300e+004 1.471003e+000
3.909091e+001 4.340300e+004 1.465527e+000
4.000000e+001 4.340300e+004 1.459369e+000
4.090909e+001 4.340300e+004 1.452528e+000
4.181818e+001 4.340300e+004 1.445004e+000
4.272727e+001 4.340300e+004 1.436798e+000
4.363636e+001 4.340300e+004 1.427909e+000
4.454545e+001 4.340300e+004 1.418338e+000
4.545455e+001 4.340300e+004 1.408085e+000
4.636364e+001 4.340300e+004 1.397149e+000
4.727273e+001 4.340300e+004 1.385530e+000
4.818182e+001 4.340300e+004 1.373229e+000
4.909091e+001 4.340300e+004 1.360245e+000
5.000000e+001 4.340300e+004 1.346579e+000
5.090909e+001 4.340300e+004 1.332231e+000
5.181818e+001 4.340300e+004 1.317200e+000
5.272727e+001 4.340300e+004 1.301317e+000
5.363636e+001 4.340300e+004 1.283382e+000
5.454545e+001 4.340300e+004 1.263159e+000
5.545455e+001 4.340300e+004 1.240648e+000
5.636364e+001 4.340300e+004 1.215850e+000
5.727273e+001 4.340300e+004 1.188764e+000
5.818182e+001 4.340300e+004 1.159391e+000
5.909091e+001 4.340300e+004 1.127730e+000
6.000000e+001 4.340300e+004 1.093781e+000
6.090909e+001 4.340300e+004 1.057545e+000
6.181818e+001 4.340300e+004 1.019021e+000
6.272727e+001 4.340300e+004 9.782092e-001
6.363636e+001 4.340300e+004 9.351101e-001
6.454545e+001 4.340300e+004 8.897233e-001
6.545455e+001 4.340300e+004 8.420490e-001
6.636364e+001 4.340300e+004 7.920870e-001
6.727273e+001 4.340300e+004 7.398375e-001
6.818182e+001 4.340300e+004 6.853003e-001
6.909091e+001 4.340300e+004 6.284755e-001
7.000000e+001 4.340300e+004 5.693631e-001
7.090909e+001 4.340300e+004 5.080390e-001
7.181818e+001 4.340300e+004 4.485858e-001
7.272727e+001 4.340300e+004 3.933295e-001
7.363636e+001 4.340300e+004 3.422702e-001
7.454545e+001 4.340300e+004 2.954078e-001
7.545455e+001 4.340300e+004 2.527424e-001
7.636364e+001 4.340300e+004 2.142740e-001
7.727273e+001 4.340300e+004 1.800024e-001
7.818182e+001 4.340300e+004 1.499279e-001
7.909091e+001 4.340300e+004 1.240503e-001
8.000000e+001 4.340300e+004 1.023696e-001
8.090909e+001 4.340300e+004 8.488587e-002
8.181818e+001 4.340300e+004 7.159909e-002
8.272727e+001 4.340300e+004 6.250927e-002
8.363636e+001 4.340300e+004 5.761639e-002
8.454545e+001 4.340300e+004 5.680182e-002
8.545455e+001 4.340300e+004 5.640882e-002
8.636364e+001 4.340300e+004 5.471015e-002
8.727273e+001 4.340300e+004 5.170580e-002
8.818182e+001 4.340300e+004 4.739579e-002
8.909091e+001 4.340300e+004 4.178010e-002
9.000000e+001 4.340300e+004 3.485874e-002
