0.0000000e+00 0.0000000e+00 1.5219010e+00 
1.0000000e+01 0.0000000e+00 1.4769341e+00
2.0000000e+01 0.0000000e+00 1.5144684e+00
3.0000000e+01 0.0000000e+00 1.4106732e+00 
4.0000000e+01 0.0000000e+00 1.2878514e+00 
5.0000000e+01 0.0000000e+00 1.1430392e+00 
6.0000000e+01 0.0000000e+00 9.6296568e-01 
7.0000000e+01 0.0000000e+00 6.5789982e-01 
8.0000000e+01 0.0000000e+00 4.4109232e-01 
9.0000000e+01 0.0000000e+00 1.4499608e-01 
0.0000000e+00 4.3542857e+03 1.5219010e+00 
1.0000000e+01 4.3542857e+03 1.4769341e+00 
2.0000000e+01 4.3542857e+03 1.5144684e+00 
3.0000000e+01 4.3542857e+03 1.4106732e+00 
4.0000000e+01 4.3542857e+03 1.2878514e+00 
5.0000000e+01 4.3542857e+03 1.1430392e+00 
6.0000000e+01 4.3542857e+03 9.6296568e-01 
7.0000000e+01 4.3542857e+03 6.5789982e-01 
8.0000000e+01 4.3542857e+03 4.4109232e-01 
9.0000000e+01 4.3542857e+03 1.4499608e-01 
0.0000000e+00 8.7085714e+03 1.4167774e+00 
1.0000000e+01 8.7085714e+03 1.4149977e+00 
2.0000000e+01 8.7085714e+03 1.4799575e+00 
3.0000000e+01 8.7085714e+03 1.3691698e+00 
4.0000000e+01 8.7085714e+03 1.3237869e+00 
5.0000000e+01 8.7085714e+03 1.1306871e+00 
6.0000000e+01 8.7085714e+03 1.0652823e+00 
7.0000000e+01 8.7085714e+03 8.8152605e-01 
8.0000000e+01 8.7085714e+03 5.7852840e-01 
9.0000000e+01 8.7085714e+03 4.8616217e-02 
0.0000000e+00 1.7417143e+04 1.2891882e+00 
1.0000000e+01 1.7417143e+04 1.2717673e+00 
2.0000000e+01 1.7417143e+04 1.2981891e+00 
3.0000000e+01 1.7417143e+04 1.3187208e+00 
4.0000000e+01 1.7417143e+04 1.1315776e+00 
5.0000000e+01 1.7417143e+04 1.1378934e+00 
6.0000000e+01 1.7417143e+04 9.9781845e-01 
7.0000000e+01 1.7417143e+04 6.2033056e-01 
8.0000000e+01 1.7417143e+04 4.5486746e-01 
9.0000000e+01 1.7417143e+04 5.9680170e-02 
0.0000000e+00 2.9028571e+04 1.3573724e+00 
1.0000000e+01 2.9028571e+04 1.4451909e+00 
2.0000000e+01 2.9028571e+04 1.3730114e+00 
3.0000000e+01 2.9028571e+04 1.3321493e+00 
4.0000000e+01 2.9028571e+04 1.3750717e+00 
5.0000000e+01 2.9028571e+04 1.3126363e+00 
6.0000000e+01 2.9028571e+04 1.0727834e+00 
7.0000000e+01 2.9028571e+04 3.5618723e-01 
8.0000000e+01 2.9028571e+04 1.4305616e-01 
9.0000000e+01 2.9028571e+04 1.7921857e-02 
